2.913183569908142090e-01 -6.148309111595153809e-01 -2.039157390594482422e+00 -0.000000000000000000e+00 -0.000000000000000000e+00 4.788621962070465088e-01 8.778901100158691406e-01
4.054418802261352539e-01 -5.462011694908142090e-01 -1.955155849456787109e+00 -6.832589395344257355e-03 -2.974356058984994888e-03 4.704302847385406494e-01 8.824055790901184082e-01
5.265392661094665527e-01 -4.728646874427795410e-01 -1.869197010993957520e+00 -1.389495003968477249e-02 -5.952423904091119766e-03 4.615429639816284180e-01 8.869890570640563965e-01
6.554406881332397461e-01 -3.939315676689147949e-01 -1.783478379249572754e+00 -2.114546671509742737e-02 -8.933135308325290680e-03 4.522617459297180176e-01 8.915898203849792480e-01
7.940002083778381348e-01 -3.073153495788574219e-01 -1.703856825828552246e+00 -2.854161523282527924e-02 -1.191498804837465286e-02 4.426505863666534424e-01 8.961606025695800781e-01
9.442724585533142090e-01 -2.106216400861740112e-01 -1.640492796897888184e+00 -3.604110330343246460e-02 -1.489676441997289658e-02 4.327752590179443359e-01 9.006579518318176270e-01
1.108151793479919434e+00 -1.081149280071258545e-01 -1.599945902824401855e+00 -4.360200464725494385e-02 -1.787710748612880707e-02 4.227037429809570312e-01 9.050418138504028320e-01
1.288478970527648926e+00 -1.277465745806694031e-02 -1.573521137237548828e+00 -5.118175223469734192e-02 -2.085461653769016266e-02 4.125061631202697754e-01 9.092766642570495605e-01
1.485638380050659180e+00 6.527343392372131348e-02 -1.543343424797058105e+00 -5.873830616474151611e-02 -2.382807433605194092e-02 4.022547602653503418e-01 9.133307933807373047e-01
1.691946983337402344e+00 1.395135521888732910e-01 -1.504679203033447266e+00 -6.623002141714096069e-02 -2.679640427231788635e-02 3.920236527919769287e-01 9.171766042709350586e-01
1.902669668197631836e+00 2.221414148807525635e-01 -1.458614826202392578e+00 -7.361533492803573608e-02 -2.975825965404510498e-02 3.818881511688232422e-01 9.207913279533386230e-01
2.116794347763061523e+00 3.158755302429199219e-01 -1.407133460044860840e+00 -8.085333555936813354e-02 -3.271282464265823364e-02 3.719256222248077393e-01 9.241558909416198730e-01
2.336099863052368164e+00 4.174136221408843994e-01 -1.352783441543579102e+00 -8.790287375450134277e-02 -3.565936535596847534e-02 3.622149825096130371e-01 9.272549748420715332e-01
2.561878681182861328e+00 5.248053073883056641e-01 -1.297424912452697754e+00 -9.472434967756271362e-02 -3.859654814004898071e-02 3.528356552124023438e-01 9.300777316093444824e-01
2.795318603515625000e+00 6.361157298088073730e-01 -1.243976354598999023e+00 -1.012775599956512451e-01 -4.152436554431915283e-02 3.438682556152343750e-01 9.326162934303283691e-01
3.041766405105590820e+00 7.420006990432739258e-01 -1.199146389961242676e+00 -1.075240150094032288e-01 -4.444235563278198242e-02 3.353945612907409668e-01 9.348658323287963867e-01
3.310492992401123047e+00 8.136638998985290527e-01 -1.169743895530700684e+00 -1.134249195456504822e-01 -4.735031723976135254e-02 3.274964094161987305e-01 9.368239045143127441e-01
3.596518516540527344e+00 8.423092365264892578e-01 -1.150913357734680176e+00 -1.189420893788337708e-01 -5.024810880422592163e-02 3.202560544013977051e-01 9.384902715682983398e-01
3.892307043075561523e+00 8.456863164901733398e-01 -1.133468031883239746e+00 -1.240382790565490723e-01 -5.313599854707717896e-02 3.137558102607727051e-01 9.398661255836486816e-01
4.187482833862304688e+00 8.284811377525329590e-01 -1.112816095352172852e+00 -1.286753863096237183e-01 -5.601424723863601685e-02 3.080776631832122803e-01 9.409533143043518066e-01
4.479553222656250000e+00 7.873892188072204590e-01 -1.083294034004211426e+00 -1.328169852495193481e-01 -5.888359621167182922e-02 3.033034503459930420e-01 9.417533278465270996e-01
4.765295505523681641e+00 7.223431468009948730e-01 -1.037352919578552246e+00 -1.364385783672332764e-01 -6.174194067716598511e-02 2.994842529296875000e-01 9.422747492790222168e-01
5.047380447387695312e+00 6.614996194839477539e-01 -9.688994884490966797e-01 -1.395646482706069946e-01 -6.457846611738204956e-02 2.965497672557830811e-01 9.425547719001770020e-01
5.328764438629150391e+00 6.505838036537170410e-01 -8.766543269157409668e-01 -1.422331780195236206e-01 -6.737922132015228271e-02 2.943983674049377441e-01 9.426342844963073730e-01
5.606159687042236328e+00 6.673080325126647949e-01 -7.723541259765625000e-01 -1.444799602031707764e-01 -7.013049721717834473e-02 2.929269373416900635e-01 9.425502419471740723e-01
5.883491039276123047e+00 6.746719479560852051e-01 -6.670275926589965820e-01 -1.463418602943420410e-01 -7.281823456287384033e-02 2.920315861701965332e-01 9.423370957374572754e-01
6.161852836608886719e+00 6.709698438644409180e-01 -5.643493533134460449e-01 -1.478541940450668335e-01 -7.542834430932998657e-02 2.916076779365539551e-01 9.420269131660461426e-01
6.441498756408691406e+00 6.630520224571228027e-01 -4.657479822635650635e-01 -1.490530967712402344e-01 -7.794643938541412354e-02 2.915503382682800293e-01 9.416506290435791016e-01
6.723366737365722656e+00 6.556848287582397461e-01 -3.740475475788116455e-01 -1.499740332365036011e-01 -8.035844564437866211e-02 2.917542159557342529e-01 9.412384629249572754e-01
7.010290145874023438e+00 6.418725252151489258e-01 -3.018994033336639404e-01 -1.506528258323669434e-01 -8.264995366334915161e-02 2.921139895915985107e-01 9.408199191093444824e-01
7.301372051239013672e+00 6.049142479896545410e-01 -2.634600698947906494e-01 -1.511245518922805786e-01 -8.480662107467651367e-02 2.925243973731994629e-01 9.404247999191284180e-01
7.590668678283691406e+00 5.433822274208068848e-01 -2.548535168170928955e-01 -1.514248698949813843e-01 -8.681397140026092529e-02 2.928799688816070557e-01 9.400825500488281250e-01
7.876896858215332031e+00 4.689227044582366943e-01 -2.624239921569824219e-01 -1.515896171331405640e-01 -8.865790069103240967e-02 2.930753529071807861e-01 9.398229122161865234e-01
8.161547660827636719e+00 3.904080092906951904e-01 -2.779641747474670410e-01 -1.516540050506591797e-01 -9.032425284385681152e-02 2.930053174495697021e-01 9.396756887435913086e-01
8.446049690246582031e+00 3.128103613853454590e-01 -2.969634830951690674e-01 -1.516537219285964966e-01 -9.179855883121490479e-02 2.925643920898437500e-01 9.396702647209167480e-01
8.731472015380859375e+00 2.397985756397247314e-01 -3.168350160121917725e-01 -1.516239494085311890e-01 -9.306592494249343872e-02 2.916471660137176514e-01 9.398355484008789062e-01
9.018756866455078125e+00 1.751928627490997314e-01 -3.354263305664062500e-01 -1.516003906726837158e-01 -9.411263465881347656e-02 2.901475429534912109e-01 9.401991963386535645e-01
9.307568550109863281e+00 1.186886578798294067e-01 -3.525695800781250000e-01 -1.516174226999282837e-01 -9.492398798465728760e-02 2.879592180252075195e-01 9.407874941825866699e-01
9.597235679626464844e+00 6.805785745382308960e-02 -3.686511218547821045e-01 -1.517101377248764038e-01 -9.548468887805938721e-02 2.849751114845275879e-01 9.416240453720092773e-01
9.886445045471191406e+00 1.545227039605379105e-02 -3.938644230365753174e-01 -1.519126445055007935e-01 -9.578047692775726318e-02 2.810869514942169189e-01 9.427294731140136719e-01
1.010670661926269531e+01 -9.798797219991683960e-02 -5.470492243766784668e-01 -1.522581428289413452e-01 -9.579555690288543701e-02 2.761854529380798340e-01 9.441198110580444336e-01
1.032600784301757812e+01 -1.493945270776748657e-01 -7.394790649414062500e-01 -1.526534259319305420e-01 -9.549174457788467407e-02 2.702084481716156006e-01 9.458147883415222168e-01
1.055255317687988281e+01 -1.625054925680160522e-01 -9.329068064689636230e-01 -1.531780660152435303e-01 -9.493760764598846436e-02 2.632178962230682373e-01 9.477550387382507324e-01
1.077536869049072266e+01 -1.619906574487686157e-01 -1.121485829353332520e+00 -1.538068652153015137e-01 -9.418368339538574219e-02 2.553225755691528320e-01 9.498858451843261719e-01
1.099392795562744141e+01 -1.498556435108184814e-01 -1.305035710334777832e+00 -1.545152217149734497e-01 -9.328103810548782349e-02 2.466316819190979004e-01 9.521535038948059082e-01
1.120773887634277344e+01 -1.322170943021774292e-01 -1.484088659286499023e+00 -1.552796810865402222e-01 -9.228117763996124268e-02 2.372552901506423950e-01 9.545062780380249023e-01
1.141669178009033203e+01 -1.118572950363159180e-01 -1.658970594406127930e+00 -1.560783982276916504e-01 -9.123568236827850342e-02 2.273048013448715210e-01 9.568949937820434570e-01
1.162077140808105469e+01 -8.999664336442947388e-02 -1.829834818840026855e+00 -1.568913608789443970e-01 -9.019708633422851562e-02 2.168925404548645020e-01 9.592742919921875000e-01
1.181999683380126953e+01 -6.714141368865966797e-02 -1.996751070022583008e+00 -1.577007621526718140e-01 -8.921782672405242920e-02 2.061323821544647217e-01 9.616028666496276855e-01
1.201427745819091797e+01 -4.341705143451690674e-02 -2.159846782684326172e+00 -1.584909111261367798e-01 -8.835101872682571411e-02 1.951393485069274902e-01 9.638440608978271484e-01
1.220371341705322266e+01 -1.979217492043972015e-02 -2.319186925888061523e+00 -1.592482626438140869e-01 -8.764990419149398804e-02 1.840296536684036255e-01 9.659661054611206055e-01
1.238831806182861328e+01 3.707275260239839554e-03 -2.474783897399902344e+00 -1.599613428115844727e-01 -8.716747909784317017e-02 1.729206740856170654e-01 9.679423570632934570e-01
1.256791210174560547e+01 2.678802423179149628e-02 -2.626931190490722656e+00 -1.606204211711883545e-01 -8.695691078901290894e-02 1.619306802749633789e-01 9.697514772415161133e-01
1.274260997772216797e+01 4.902496188879013062e-02 -2.775594472885131836e+00 -1.612170785665512085e-01 -8.707094192504882812e-02 1.511786282062530518e-01 9.713767170906066895e-01
1.291233634948730469e+01 7.015746831893920898e-02 -2.920934915542602539e+00 -1.617435961961746216e-01 -8.756302297115325928e-02 1.407838463783264160e-01 9.728059768676757812e-01
1.307684803009033203e+01 8.942230045795440674e-02 -3.063377618789672852e+00 -1.621926426887512207e-01 -8.848565816879272461e-02 1.308659911155700684e-01 9.740318059921264648e-01
1.323595905303955078e+01 1.064529418945312500e-01 -3.203188896179199219e+00 -1.625563353300094604e-01 -8.989132940769195557e-02 1.215445995330810547e-01 9.750496745109558105e-01
1.338948249816894531e+01 1.209207102656364441e-01 -3.340612649917602539e+00 -1.628254801034927368e-01 -9.183235466480255127e-02 1.129391267895698547e-01 9.758583307266235352e-01
1.353731441497802734e+01 1.327468901872634888e-01 -3.475735425949096680e+00 -1.629884988069534302e-01 -9.436185657978057861e-02 1.051682308316230774e-01 9.764579534530639648e-01
1.367966556549072266e+01 1.426428258419036865e-01 -3.608239173889160156e+00 -1.630306392908096313e-01 -9.753279387950897217e-02 9.835016727447509766e-02 9.768497943878173828e-01
1.381901550292968750e+01 1.565399169921875000e-01 -3.734845399856567383e+00 -1.629327237606048584e-01 -1.013981178402900696e-01 9.260240942239761353e-02 9.770343303680419922e-01
1.392052936553955078e+01 1.617614775896072388e-01 -3.880666494369506836e+00 -1.620087027549743652e-01 -1.059337407350540161e-01 8.807468414306640625e-02 9.771254658699035645e-01
1.379561519622802734e+01 1.034503132104873657e-01 -3.981622219085693359e+00 -1.608598530292510986e-01 -1.111622303724288940e-01 8.462913334369659424e-02 9.770388603210449219e-01
1.363994598388671875e+01 4.366271942853927612e-02 -4.025705337524414062e+00 -1.595187783241271973e-01 -1.170298680663108826e-01 8.214525133371353149e-02 9.767854809761047363e-01
1.348707199096679688e+01 -1.316467300057411194e-02 -4.058182716369628906e+00 -1.580180525779724121e-01 -1.234825178980827332e-01 8.050204068422317505e-02 9.763717055320739746e-01
1.333868122100830078e+01 -6.714507937431335449e-02 -4.084484100341796875e+00 -1.563889980316162109e-01 -1.304652839899063110e-01 7.957834750413894653e-02 9.758015275001525879e-01
1.319531440734863281e+01 -1.183431968092918396e-01 -4.106855869293212891e+00 -1.546634435653686523e-01 -1.379231959581375122e-01 7.925269007682800293e-02 9.750771522521972656e-01
1.305716514587402344e+01 -1.667547523975372314e-01 -4.126390457153320312e+00 -1.528725922107696533e-01 -1.458010077476501465e-01 7.940369099378585815e-02 9.742008447647094727e-01
1.292428207397460938e+01 -2.122927755117416382e-01 -4.143662452697753906e+00 -1.510481238365173340e-01 -1.540439277887344360e-01 7.990977168083190918e-02 9.731748700141906738e-01
1.279662799835205078e+01 -2.547262609004974365e-01 -4.158994674682617188e+00 -1.492218673229217529e-01 -1.625964343547821045e-01 8.064972609281539917e-02 9.720035195350646973e-01
1.267402839660644531e+01 -2.934698462486267090e-01 -4.172535419464111328e+00 -1.474261730909347534e-01 -1.714036166667938232e-01 8.150234818458557129e-02 9.706923961639404297e-01
1.255611515045166016e+01 -3.272787332534790039e-01 -4.184034347534179688e+00 -1.456931531429290771e-01 -1.804104894399642944e-01 8.234681189060211182e-02 9.692494869232177734e-01
1.244221210479736328e+01 -3.531533777713775635e-01 -4.192460060119628906e+00 -1.440556496381759644e-01 -1.895625144243240356e-01 8.306252956390380859e-02 9.676852226257324219e-01
1.233229255676269531e+01 -3.684167265892028809e-01 -4.197159767150878906e+00 -1.425467878580093384e-01 -1.988053470849990845e-01 8.352940529584884644e-02 9.660121798515319824e-01
1.222727775573730469e+01 -3.727337419986724854e-01 -4.198596477508544922e+00 -1.411999464035034180e-01 -2.080853134393692017e-01 8.362753689289093018e-02 9.642456173896789551e-01
1.212810230255126953e+01 -3.730087280273437500e-01 -4.199287414550781250e+00 -1.400486975908279419e-01 -2.173489481210708618e-01 8.323752880096435547e-02 9.624018669128417969e-01
1.203485298156738281e+01 -3.728018105030059814e-01 -4.200280666351318359e+00 -1.391269713640213013e-01 -2.265428900718688965e-01 8.224031329154968262e-02 9.604990482330322266e-01
1.194750499725341797e+01 -3.725500404834747314e-01 -4.201409339904785156e+00 -1.384682208299636841e-01 -2.356142848730087280e-01 8.051724731922149658e-02 9.585559368133544922e-01
1.186396503448486328e+01 -3.722796440124511719e-01 -4.202612400054931641e+00 -1.381061375141143799e-01 -2.445100247859954834e-01 7.794992625713348389e-02 9.565904736518859863e-01
1.178420639038085938e+01 -3.720010221004486084e-01 -4.203858375549316406e+00 -1.380740553140640259e-01 -2.531777620315551758e-01 7.441992312669754028e-02 9.546193480491638184e-01
1.170820045471191406e+01 -3.717312514781951904e-01 -4.205104827880859375e+00 -1.384045779705047607e-01 -2.615641653537750244e-01 6.980915367603302002e-02 9.526568055152893066e-01
1.163607406616210938e+01 -3.715338110923767090e-01 -4.206573009490966797e+00 -1.380442082881927490e-01 -2.695518434047698975e-01 6.433725357055664062e-02 9.508660435676574707e-01
1.156768989562988281e+01 -3.713375627994537354e-01 -4.208015441894531250e+00 -1.380953341722488403e-01 -2.772198319435119629e-01 5.775127559900283813e-02 9.490751624107360840e-01
1.150306606292724609e+01 -3.711294531822204590e-01 -4.209428787231445312e+00 -1.385679990053176880e-01 -2.845696210861206055e-01 5.011733993887901306e-02 9.472630620002746582e-01
1.144220924377441406e+01 -3.709026873111724854e-01 -4.210792541503906250e+00 -1.394686251878738403e-01 -2.916001677513122559e-01 4.150211066007614136e-02 9.454075694084167480e-01
1.138514137268066406e+01 -3.706460595130920410e-01 -4.212097167968750000e+00 -1.407999098300933838e-01 -2.983089983463287354e-01 3.197286650538444519e-02 9.434854388236999512e-01
1.133187198638916016e+01 -3.702108561992645264e-01 -4.213142395019531250e+00 -1.425609290599822998e-01 -3.046907484531402588e-01 2.159821242094039917e-02 9.414739608764648438e-01
1.127686977386474609e+01 -3.689706325531005859e-01 -4.213202953338623047e+00 -1.447469294071197510e-01 -3.107392787933349609e-01 1.044793799519538879e-02 9.393509030342102051e-01
1.122040748596191406e+01 -3.651840090751647949e-01 -4.209819316864013672e+00 -1.473491787910461426e-01 -3.164469599723815918e-01 -1.406379044055938721e-03 9.370952248573303223e-01
1.116288089752197266e+01 -3.585253953933715820e-01 -4.202536582946777344e+00 -1.503549814224243164e-01 -3.218051791191101074e-01 -1.389129832386970520e-02 9.346880912780761719e-01
1.110414028167724609e+01 -3.502590954303741455e-01 -4.193167686462402344e+00 -1.537476181983947754e-01 -3.268051445484161377e-01 -2.693137526512145996e-02 9.321130514144897461e-01
1.104386425018310547e+01 -3.414193689823150635e-01 -4.183199882507324219e+00 -1.575060635805130005e-01 -3.314382433891296387e-01 -4.044887423515319824e-02 9.293569922447204590e-01
1.098198699951171875e+01 -3.322839140892028809e-01 -4.172921657562255859e+00 -1.616051644086837769e-01 -3.356970548629760742e-01 -5.436391383409500122e-02 9.264101386070251465e-01
1.091851043701171875e+01 -3.231301903724670410e-01 -4.162197113037109375e+00 -1.660154610872268677e-01 -3.395752906799316406e-01 -6.859412789344787598e-02 9.232671856880187988e-01
1.085346412658691406e+01 -3.141418397426605225e-01 -4.150938510894775391e+00 -1.707036495208740234e-01 -3.430688083171844482e-01 -8.305542916059494019e-02 9.199270009994506836e-01
1.078687763214111328e+01 -3.051873743534088135e-01 -4.139206886291503906e+00 -1.756321489810943604e-01 -3.461764156818389893e-01 -9.766083210706710815e-02 9.163938164710998535e-01
1.071877193450927734e+01 -2.966314554214477539e-01 -4.126834392547607422e+00 -1.807598322629928589e-01 -3.488999307155609131e-01 -1.123218387365341187e-01 9.126765727996826172e-01
1.064918231964111328e+01 -2.884835898876190186e-01 -4.113822460174560547e+00 -1.860422790050506592e-01 -3.512455224990844727e-01 -1.269484907388687134e-01 9.087898731231689453e-01
1.057814216613769531e+01 -2.805422842502593994e-01 -4.100266456604003906e+00 -1.914317011833190918e-01 -3.532225787639617920e-01 -1.414484232664108276e-01 9.047541022300720215e-01
1.050570011138916016e+01 -2.737087905406951904e-01 -4.085763454437255859e+00 -1.968782991170883179e-01 -3.548454940319061279e-01 -1.557294428348541260e-01 9.005952477455139160e-01
1.043187999725341797e+01 -2.671731412410736084e-01 -4.070694446563720703e+00 -2.023298442363739014e-01 -3.561335802078247070e-01 -1.696974635124206543e-01 8.963449597358703613e-01
1.035710906982421875e+01 -2.620950341224670410e-01 -4.054492473602294922e+00 -2.067847698926925659e-01 -3.532857298851013184e-01 -1.825003623962402344e-01 8.939366936683654785e-01
1.028101253509521484e+01 -2.580123841762542725e-01 -4.037438392639160156e+00 -2.111616730690002441e-01 -3.504374027252197266e-01 -1.949988305568695068e-01 8.913920521736145020e-01
1.020360374450683594e+01 -2.549709975719451904e-01 -4.019514083862304688e+00 -2.154505252838134766e-01 -3.475968539714813232e-01 -2.071650028228759766e-01 8.887294530868530273e-01
1.012504577636718750e+01 -2.541445791721343994e-01 -4.000229835510253906e+00 -2.196418941020965576e-01 -3.447730839252471924e-01 -2.189709842205047607e-01 8.859687447547912598e-01
1.004524135589599609e+01 -2.542410194873809814e-01 -3.980093240737915039e+00 -2.237278223037719727e-01 -3.419753313064575195e-01 -2.303897440433502197e-01 8.831304311752319336e-01
9.964401245117187500e+00 -2.562292516231536865e-01 -3.958503961563110352e+00 -2.277007251977920532e-01 -3.392132520675659180e-01 -2.413941472768783569e-01 8.802360296249389648e-01
9.882492065429687500e+00 -2.593255639076232910e-01 -3.935683012008666992e+00 -2.315537929534912109e-01 -3.364970088005065918e-01 -2.519576549530029297e-01 8.773083686828613281e-01
9.799445152282714844e+00 -2.632803320884704590e-01 -3.911822319030761719e+00 -2.352802157402038574e-01 -3.338368833065032959e-01 -2.620548307895660400e-01 8.743702173233032227e-01
9.715576171875000000e+00 -2.685513198375701904e-01 -3.886080265045166016e+00 -2.388734817504882812e-01 -3.312437236309051514e-01 -2.716602087020874023e-01 8.714457750320434570e-01
9.630637168884277344e+00 -2.742922902107238770e-01 -3.859120368957519531e+00 -2.423271387815475464e-01 -3.287284374237060547e-01 -2.807500362396240234e-01 8.685588240623474121e-01
9.544660568237304688e+00 -2.805502116680145264e-01 -3.830861091613769531e+00 -2.456339895725250244e-01 -3.263025283813476562e-01 -2.893010079860687256e-01 8.657340407371520996e-01
9.457902908325195312e+00 -2.870687842369079590e-01 -3.800538301467895508e+00 -2.487860620021820068e-01 -3.239777386188507080e-01 -2.972912788391113281e-01 8.629957437515258789e-01
9.370114326477050781e+00 -2.935687303543090820e-01 -3.768846988677978516e+00 -2.517747879028320312e-01 -3.217663466930389404e-01 -3.047000765800476074e-01 8.603683114051818848e-01
9.281334877014160156e+00 -3.000021278858184814e-01 -3.735672473907470703e+00 -2.545894980430603027e-01 -3.196811079978942871e-01 -3.115081787109375000e-01 8.578757643699645996e-01
9.191821098327636719e+00 -3.056054711341857910e-01 -3.700246572494506836e+00 -2.572184205055236816e-01 -3.177352845668792725e-01 -3.176977336406707764e-01 8.555414080619812012e-01
9.101337432861328125e+00 -3.105859160423278809e-01 -3.663302421569824219e+00 -2.596479952335357666e-01 -3.159425556659698486e-01 -3.232521712779998779e-01 8.533881306648254395e-01
9.009889602661132812e+00 -3.148980736732482910e-01 -3.624809503555297852e+00 -2.618620395660400391e-01 -3.143173754215240479e-01 -3.281564414501190186e-01 8.514376878738403320e-01
8.925251007080078125e+00 -3.173174858093261719e-01 -3.587922334671020508e+00 -2.638422250747680664e-01 -3.128747045993804932e-01 -3.323965370655059814e-01 8.497112393379211426e-01
8.847067832946777344e+00 -3.190136551856994629e-01 -3.553617477416992188e+00 -2.655677795410156250e-01 -3.116297423839569092e-01 -3.359600901603698730e-01 8.482283949851989746e-01
8.775373458862304688e+00 -3.196905553340911865e-01 -3.521816253662109375e+00 -2.670152187347412109e-01 -3.105983734130859375e-01 -3.388350605964660645e-01 8.470078110694885254e-01
8.710405349731445312e+00 -3.199352920055389404e-01 -3.492530345916748047e+00 -2.663661241531372070e-01 -3.041979372501373291e-01 -3.406191468238830566e-01 8.488175272941589355e-01
8.651833534240722656e+00 -3.196017444133758545e-01 -3.466019868850708008e+00 -2.653053104877471924e-01 -2.973903417587280273e-01 -3.417325019836425781e-01 8.511115908622741699e-01
8.599621772766113281e+00 -3.190713524818420410e-01 -3.442378997802734375e+00 -2.638817727565765381e-01 -2.902610599994659424e-01 -3.422139883041381836e-01 8.538175821304321289e-01
8.553693771362304688e+00 -3.178253173828125000e-01 -3.421765089035034180e+00 -2.621462941169738770e-01 -2.828952372074127197e-01 -3.421027064323425293e-01 8.568636775016784668e-01
8.514157295227050781e+00 -3.169088661670684814e-01 -3.403872489929199219e+00 -2.601501643657684326e-01 -2.753787934780120850e-01 -3.414376080036163330e-01 8.601794838905334473e-01
8.480961799621582031e+00 -3.160400390625000000e-01 -3.388846397399902344e+00 -2.579451203346252441e-01 -2.677994668483734131e-01 -3.402582108974456787e-01 8.636966943740844727e-01
8.454030990600585938e+00 -3.148446679115295410e-01 -3.376876831054687500e+00 -2.555820941925048828e-01 -2.602455914020538330e-01 -3.386046588420867920e-01 8.673505783081054688e-01
8.433488845825195312e+00 -3.141384720802307129e-01 -3.367545604705810547e+00 -2.531110644340515137e-01 -2.528092265129089355e-01 -3.365172445774078369e-01 8.710787892341613770e-01
8.419330596923828125e+00 -3.139068484306335449e-01 -3.360859394073486328e+00 -2.505802214145660400e-01 -2.455831766128540039e-01 -3.340370953083038330e-01 8.748242855072021484e-01
8.411538124084472656e+00 -3.141357302665710449e-01 -3.356822490692138672e+00 -2.480357736349105835e-01 -2.386627793312072754e-01 -3.312055766582489014e-01 8.785335421562194824e-01
8.411581993103027344e+00 -3.149053752422332764e-01 -3.356057167053222656e+00 -2.455216646194458008e-01 -2.321452200412750244e-01 -3.280654549598693848e-01 8.821567893028259277e-01
8.412243843078613281e+00 -3.157391250133514404e-01 -3.355565786361694336e+00 -2.430792450904846191e-01 -2.261300086975097656e-01 -3.246599435806274414e-01 8.856486678123474121e-01
8.413054466247558594e+00 -3.165948390960693359e-01 -3.355167150497436523e+00 -2.407470643520355225e-01 -2.207180261611938477e-01 -3.210331499576568604e-01 8.889667987823486328e-01
8.414003372192382812e+00 -3.174606263637542725e-01 -3.354863166809082031e+00 -2.385604977607727051e-01 -2.160118222236633301e-01 -3.172295987606048584e-01 8.920723795890808105e-01
8.411513328552246094e+00 -3.180947899818420410e-01 -3.353174924850463867e+00 -2.365514934062957764e-01 -2.121145427227020264e-01 -3.132938146591186523e-01 8.949289321899414062e-01
8.405573844909667969e+00 -3.185095191001892090e-01 -3.350135326385498047e+00 -2.346077114343643188e-01 -2.091792970895767212e-01 -3.092378973960876465e-01 8.975383639335632324e-01
8.396169662475585938e+00 -3.186752200126647949e-01 -3.345721960067749023e+00 -2.328775823116302490e-01 -2.072668373584747314e-01 -3.051354587078094482e-01 8.998337984085083008e-01
8.383280754089355469e+00 -3.185650706291198730e-01 -3.339909076690673828e+00 -2.315036207437515259e-01 -2.064410299062728882e-01 -3.010565042495727539e-01 9.017501473426818848e-01
8.366779327392578125e+00 -3.176361024379730225e-01 -3.333062171936035156e+00 -2.305396199226379395e-01 -2.067975103855133057e-01 -2.970488369464874268e-01 9.032431244850158691e-01
8.346709251403808594e+00 -3.161221146583557129e-01 -3.325006723403930664e+00 -2.300382852554321289e-01 -2.084294706583023071e-01 -2.931593954563140869e-01 9.042660593986511230e-01
8.323107719421386719e+00 -3.142367601394653320e-01 -3.315740823745727539e+00 -2.295493185520172119e-01 -2.115456014871597290e-01 -2.893103957176208496e-01 9.049060940742492676e-01
8.295976638793945312e+00 -3.119467198848724365e-01 -3.305202484130859375e+00 -2.292951643466949463e-01 -2.159506976604461670e-01 -2.855522632598876953e-01 9.051236510276794434e-01
8.265290260314941406e+00 -3.090963661670684814e-01 -3.293527841567993164e+00 -2.292219996452331543e-01 -2.214944362640380859e-01 -2.818650603294372559e-01 9.049582481384277344e-01
8.230810165405273438e+00 -3.043200671672821045e-01 -3.281882762908935547e+00 -2.292782068252563477e-01 -2.280255854129791260e-01 -2.782283425331115723e-01 9.044471979141235352e-01
8.192805290222167969e+00 -2.989962697029113770e-01 -3.269094228744506836e+00 -2.294150888919830322e-01 -2.353929281234741211e-01 -2.746227085590362549e-01 9.036267399787902832e-01
8.151176452636718750e+00 -2.923513650894165039e-01 -3.255938529968261719e+00 -2.295874208211898804e-01 -2.434437721967697144e-01 -2.710313200950622559e-01 9.025335311889648438e-01
8.105783462524414062e+00 -2.830929458141326904e-01 -3.243705987930297852e+00 -2.297542095184326172e-01 -2.520254552364349365e-01 -2.674405574798583984e-01 9.012057185173034668e-01
8.056853294372558594e+00 -2.724536061286926270e-01 -3.231199979782104492e+00 -2.298796176910400391e-01 -2.609859406948089600e-01 -2.638413310050964355e-01 8.996829986572265625e-01
8.004369735717773438e+00 -2.584997415542602539e-01 -3.220452308654785156e+00 -2.299332022666931152e-01 -2.701723575592041016e-01 -2.602297365665435791e-01 8.980078101158142090e-01
7.948534965515136719e+00 -2.419656366109848022e-01 -3.210771322250366211e+00 -2.298911511898040771e-01 -2.794328629970550537e-01 -2.566080987453460693e-01 8.962251543998718262e-01
7.889401912689208984e+00 -2.226162701845169067e-01 -3.202422380447387695e+00 -2.297361791133880615e-01 -2.886152863502502441e-01 -2.529846131801605225e-01 8.943831324577331543e-01
7.827290058135986328e+00 -1.996401995420455933e-01 -3.196397542953491211e+00 -2.294585108757019043e-01 -2.975679934024810791e-01 -2.493747174739837646e-01 8.925324678421020508e-01
7.762192249298095703e+00 -1.737487763166427612e-01 -3.191916465759277344e+00 -2.290558815002441406e-01 -3.061413168907165527e-01 -2.457998096942901611e-01 8.907263278961181641e-01
7.693984031677246094e+00 -1.454843133687973022e-01 -3.188317298889160156e+00 -2.285332977771759033e-01 -3.141840994358062744e-01 -2.422880083322525024e-01 8.890204429626464844e-01
7.622434139251708984e+00 -1.155688464641571045e-01 -3.184687376022338867e+00 -2.279026806354522705e-01 -3.215477764606475830e-01 -2.388718724250793457e-01 8.874725699424743652e-01
7.547187328338623047e+00 -8.506134152412414551e-02 -3.179694652557373047e+00 -2.271816730499267578e-01 -3.280842900276184082e-01 -2.355877757072448730e-01 8.861419558525085449e-01
7.467929363250732422e+00 -5.522186309099197388e-02 -3.171817541122436523e+00 -2.263916879892349243e-01 -3.336460888385772705e-01 -2.324724644422531128e-01 8.850895762443542480e-01
7.384665489196777344e+00 -2.649902366101741791e-02 -3.160486936569213867e+00 -2.255559563636779785e-01 -3.380872309207916260e-01 -2.295606732368469238e-01 8.843774199485778809e-01
7.297626972198486328e+00 1.456298748962581158e-03 -3.146018028259277344e+00 -2.246959805488586426e-01 -3.412628173828125000e-01 -2.268802523612976074e-01 8.840683102607727051e-01
7.206974983215332031e+00 2.901977486908435822e-02 -3.128721952438354492e+00 -2.238288223743438721e-01 -3.430293202400207520e-01 -2.244493067264556885e-01 8.842250108718872070e-01
7.113554477691650391e+00 5.582763627171516418e-02 -3.109830856323242188e+00 -2.180243283510208130e-01 -3.445261120796203613e-01 -2.203482687473297119e-01 8.861228823661804199e-01
7.016874790191650391e+00 8.293884247541427612e-02 -3.088906288146972656e+00 -2.113322019577026367e-01 -3.447929024696350098e-01 -2.161336243152618408e-01 8.886747956275939941e-01
6.913234710693359375e+00 1.118963584303855896e-01 -3.065360069274902344e+00 -2.038455605506896973e-01 -3.439342677593231201e-01 -2.118326425552368164e-01 8.917865157127380371e-01
6.802704811096191406e+00 1.432385295629501343e-01 -3.039460897445678711e+00 -1.956569254398345947e-01 -3.420544564723968506e-01 -2.074714004993438721e-01 8.953618407249450684e-01
6.685373306274414062e+00 1.776287853717803955e-01 -3.011565446853637695e+00 -1.868591755628585815e-01 -3.392575979232788086e-01 -2.030762434005737305e-01 8.993041515350341797e-01
6.561044692993164062e+00 2.140615731477737427e-01 -2.981195688247680664e+00 -1.775459647178649902e-01 -3.356491029262542725e-01 -1.986740082502365112e-01 9.035185575485229492e-01
6.429306507110595703e+00 2.502380311489105225e-01 -2.947287559509277344e+00 -1.678120940923690796e-01 -3.313357830047607422e-01 -1.942924261093139648e-01 9.079130291938781738e-01
6.289924144744873047e+00 2.844122350215911865e-01 -2.909232616424560547e+00 -1.577541083097457886e-01 -3.264264166355133057e-01 -1.899609863758087158e-01 9.124001860618591309e-01
6.142829418182373047e+00 3.150659203529357910e-01 -2.866516590118408203e+00 -1.474692672491073608e-01 -3.210320174694061279e-01 -1.857096403837203979e-01 9.168986678123474121e-01
5.988102912902832031e+00 3.410571217536926270e-01 -2.818833589553833008e+00 -1.370567679405212402e-01 -3.152660727500915527e-01 -1.815703213214874268e-01 9.213332533836364746e-01
5.825937271118164062e+00 3.616488575935363770e-01 -2.766067504882812500e+00 -1.266168057918548584e-01 -3.092449903488159180e-01 -1.775766313076019287e-01 9.256361126899719238e-01
5.656557559967041016e+00 3.764715492725372314e-01 -2.708240985870361328e+00 -1.162516325712203979e-01 -3.030871450901031494e-01 -1.737634241580963135e-01 9.297473430633544922e-01
5.480129241943359375e+00 3.865554630756378174e-01 -2.645764827728271484e+00 -1.060632020235061646e-01 -2.969138622283935547e-01 -1.701672077178955078e-01 9.336144328117370605e-01
5.296718597412109375e+00 3.930322229862213135e-01 -2.579005002975463867e+00 -9.615572541952133179e-02 -2.908483147621154785e-01 -1.668256074190139771e-01 9.371929168701171875e-01
5.106335163116455078e+00 3.967162966728210449e-01 -2.508190155029296875e+00 -8.663327991962432861e-02 -2.850153148174285889e-01 -1.637782901525497437e-01 9.404454231262207031e-01
4.908964633941650391e+00 3.982418775558471680e-01 -2.433463573455810547e+00 -7.760000228881835938e-02 -2.795419096946716309e-01 -1.610647439956665039e-01 9.433411955833435059e-01
4.704582214355468750e+00 3.981494009494781494e-01 -2.354921102523803711e+00 -6.916078180074691772e-02 -2.745556831359863281e-01 -1.587267816066741943e-01 9.458550810813903809e-01
4.493154048919677734e+00 3.969393968582153320e-01 -2.272626876831054688e+00 -6.142048537731170654e-02 -2.701853215694427490e-01 -1.568057388067245483e-01 9.479659199714660645e-01
4.274645805358886719e+00 3.951165676116943359e-01 -2.186625242233276367e+00 -5.448294803500175476e-02 -2.665598392486572266e-01 -1.553438305854797363e-01 9.496555328369140625e-01
4.049028396606445312e+00 3.932254016399383545e-01 -2.096952676773071289e+00 -4.845214635133743286e-02 -2.638079226016998291e-01 -1.543834060430526733e-01 9.509066343307495117e-01
3.816164493560791016e+00 3.917074501514434814e-01 -2.003900289535522461e+00 -4.340640828013420105e-02 -2.620263993740081787e-01 -1.539542376995086670e-01 9.517123103141784668e-01
3.575754404067993164e+00 3.907809257507324219e-01 -1.908222556114196777e+00 -3.932457417249679565e-02 -2.611860930919647217e-01 -1.540383100509643555e-01 9.521069526672363281e-01
3.327495098114013672e+00 3.906738162040710449e-01 -1.810747027397155762e+00 -3.615976497530937195e-02 -2.612236142158508301e-01 -1.546033471822738647e-01 9.521304368972778320e-01
3.071070432662963867e+00 3.916161954402923584e-01 -1.712339997291564941e+00 -3.386510908603668213e-02 -2.620745897293090820e-01 -1.556176245212554932e-01 9.518157839775085449e-01
2.806190013885498047e+00 3.938293457031250000e-01 -1.613871097564697266e+00 -3.239306807518005371e-02 -2.636730074882507324e-01 -1.570466458797454834e-01 9.511905908584594727e-01
2.532608509063720703e+00 3.975170850753784180e-01 -1.516181588172912598e+00 -3.169629722833633423e-02 -2.659512758255004883e-01 -1.588571965694427490e-01 9.502786993980407715e-01
2.250130653381347656e+00 4.028607010841369629e-01 -1.420057058334350586e+00 -3.172705322504043579e-02 -2.688414156436920166e-01 -1.610140502452850342e-01 9.491007328033447266e-01
1.974575161933898926e+00 4.096047878265380859e-01 -1.331269502639770508e+00 -3.243769705295562744e-02 -2.722747027873992920e-01 -1.634825319051742554e-01 9.476749897003173828e-01
1.706417202949523926e+00 4.173071086406707764e-01 -1.248576641082763672e+00 -3.378039970993995667e-02 -2.761820852756500244e-01 -1.662271767854690552e-01 9.460184574127197266e-01
1.446123003959655762e+00 4.255068898200988770e-01 -1.170594453811645508e+00 -3.570724651217460632e-02 -2.804939746856689453e-01 -1.692125648260116577e-01 9.441478848457336426e-01
1.193934321403503418e+00 4.341476261615753174e-01 -1.096614718437194824e+00 -3.817043080925941467e-02 -2.851409912109375000e-01 -1.724036335945129395e-01 9.420799612998962402e-01
9.499914050102233887e-01 4.432952702045440674e-01 -1.026248455047607422e+00 -4.112180322408676147e-02 -2.900539040565490723e-01 -1.757642030715942383e-01 9.398322105407714844e-01
7.143188118934631348e-01 4.534091055393218994e-01 -9.595489501953125000e-01 -4.451363161206245422e-02 -2.951637208461761475e-01 -1.792599111795425415e-01 9.374234080314636230e-01
4.872387647628784180e-01 4.635199010372161865e-01 -8.953118920326232910e-01 -4.829775914549827576e-02 -3.004017770290374756e-01 -1.828551888465881348e-01 9.348743557929992676e-01
2.687622010707855225e-01 4.735558927059173584e-01 -8.335269093513488770e-01 -5.242645740509033203e-02 -3.057000339031219482e-01 -1.865159124135971069e-01 9.322074651718139648e-01
5.908324941992759705e-02 4.833227396011352539e-01 -7.735211253166198730e-01 -5.685179308056831360e-02 -3.109913766384124756e-01 -1.902074813842773438e-01 9.294478893280029297e-01
-1.419421285390853882e-01 4.927425980567932129e-01 -7.158380150794982910e-01 -6.152616813778877258e-02 -3.162089884281158447e-01 -1.938966065645217896e-01 9.266231656074523926e-01
-3.340637087821960449e-01 5.019253492355346680e-01 -6.596737504005432129e-01 -6.640195846557617188e-02 -3.212877511978149414e-01 -1.975494027137756348e-01 9.237636327743530273e-01
-5.175536870956420898e-01 5.107333064079284668e-01 -6.059887409210205078e-01 -7.143169641494750977e-02 -3.261623978614807129e-01 -2.011335343122482300e-01 9.209023118019104004e-01
-6.921276450157165527e-01 5.192907452583312988e-01 -5.538747906684875488e-01 -7.656862586736679077e-02 -3.307695686817169189e-01 -2.046170681715011597e-01 9.180744290351867676e-01
-8.580334186553955078e-01 5.274721980094909668e-01 -5.041924715042114258e-01 -8.176258206367492676e-02 -3.350580036640167236e-01 -2.079697251319885254e-01 9.153138399124145508e-01
-1.015196561813354492e+00 5.352993607521057129e-01 -4.567562639713287354e-01 -8.695094287395477295e-02 -3.390256464481353760e-01 -2.111686766147613525e-01 9.126384258270263672e-01
-1.178704857826232910e+00 5.434902906417846680e-01 -4.069128334522247314e-01 -9.206870943307876587e-02 -3.426826000213623047e-01 -2.141937911510467529e-01 9.100620746612548828e-01
-1.348680377006530762e+00 5.519778132438659668e-01 -3.551025390625000000e-01 -9.705079346895217896e-02 -3.460395634174346924e-01 -2.170242518186569214e-01 9.076002240180969238e-01
-1.524946212768554688e+00 5.608291625976562500e-01 -3.008053600788116455e-01 -1.018322631716728210e-01 -3.491078019142150879e-01 -2.196404635906219482e-01 9.052690863609313965e-01
-1.707612276077270508e+00 5.699816942214965820e-01 -2.444177120923995972e-01 -1.063478663563728333e-01 -3.518984913825988770e-01 -2.220220267772674561e-01 9.030857682228088379e-01
-1.896643042564392090e+00 5.794396996498107910e-01 -1.858700513839721680e-01 -1.105334758758544922e-01 -3.544236123561859131e-01 -2.241495251655578613e-01 9.010677933692932129e-01
-2.091981172561645508e+00 5.892162919044494629e-01 -1.250103712081909180e-01 -1.143245398998260498e-01 -3.566948473453521729e-01 -2.260036915540695190e-01 8.992335796356201172e-01
-2.293714523315429688e+00 5.992571711540222168e-01 -6.217345967888832092e-02 -1.176563948392868042e-01 -3.587245643138885498e-01 -2.275647222995758057e-01 8.976011872291564941e-01
-2.501702785491943359e+00 6.096118092536926270e-01 3.045043908059597015e-03 -1.204651445150375366e-01 -3.605245947837829590e-01 -2.288136482238769531e-01 8.961888551712036133e-01
-2.716074228286743164e+00 6.202114820480346680e-01 7.021026313304901123e-02 -1.226861923933029175e-01 -3.621071875095367432e-01 -2.297308444976806641e-01 8.950141072273254395e-01
-2.936717510223388672e+00 6.310894489288330078e-01 1.396130323410034180e-01 -1.242403835058212280e-01 -3.634192049503326416e-01 -2.303000986576080322e-01 8.941211104393005371e-01
-3.163684129714965820e+00 6.421957015991210938e-01 2.110223323106765747e-01 -1.247965395450592041e-01 -3.632738590240478516e-01 -2.305744290351867676e-01 8.940320611000061035e-01
-3.396946907043457031e+00 6.535525321960449219e-01 2.845318615436553955e-01 -1.246539205312728882e-01 -3.633140623569488525e-01 -2.304347902536392212e-01 8.940716981887817383e-01
-3.636531829833984375e+00 6.651376485824584961e-01 3.600109815597534180e-01 -1.237485334277153015e-01 -3.635554611682891846e-01 -2.298618108034133911e-01 8.942466974258422852e-01
-3.882419347763061523e+00 6.769509911537170410e-01 4.374819993972778320e-01 -1.220157220959663391e-01 -3.640126287937164307e-01 -2.288336008787155151e-01 8.945624828338623047e-01
-4.134613990783691406e+00 6.889804005622863770e-01 5.168718099594116211e-01 -1.193909570574760437e-01 -3.646980822086334229e-01 -2.273260802030563354e-01 8.950217366218566895e-01
-4.391131401062011719e+00 7.104809284210205078e-01 5.547425746917724609e-01 -1.158095821738243103e-01 -3.656221032142639160e-01 -2.253122180700302124e-01 8.956243395805358887e-01
-4.645482063293457031e+00 7.332403659820556641e-01 5.836521983146667480e-01 -1.112067848443984985e-01 -3.667927086353302002e-01 -2.227611839771270752e-01 8.963668346405029297e-01
-4.896160602569580078e+00 7.551651000976562500e-01 6.109802126884460449e-01 -1.055182442069053650e-01 -3.682145774364471436e-01 -2.196391224861145020e-01 8.972415924072265625e-01
-5.143199443817138672e+00 7.760830521583557129e-01 6.363090276718139648e-01 -9.829787909984588623e-02 -3.681044280529022217e-01 -2.160595059394836426e-01 8.989743590354919434e-01
-5.386650085449218750e+00 7.958568930625915527e-01 6.592567563056945801e-01 -8.992670476436614990e-02 -3.678187131881713867e-01 -2.119001001119613647e-01 9.009555578231811523e-01
-5.626543045043945312e+00 8.143646121025085449e-01 6.795030236244201660e-01 -8.050183951854705811e-02 -3.673297464847564697e-01 -2.071410417556762695e-01 9.031504988670349121e-01
-5.862889289855957031e+00 8.315008282661437988e-01 6.967698335647583008e-01 -7.012031227350234985e-02 -3.666097521781921387e-01 -2.017619013786315918e-01 9.055233597755432129e-01
-6.095684528350830078e+00 8.471795320510864258e-01 7.108252048492431641e-01 -5.888040363788604736e-02 -3.656313717365264893e-01 -1.957429051399230957e-01 9.080371260643005371e-01
-6.324869155883789062e+00 8.615383505821228027e-01 7.219735383987426758e-01 -4.688098281621932983e-02 -3.643672168254852295e-01 -1.890646815299987793e-01 9.106553792953491211e-01
-6.550387859344482422e+00 8.747692704200744629e-01 7.306469678878784180e-01 -3.422198444604873657e-02 -3.627899289131164551e-01 -1.817093044519424438e-01 9.133421778678894043e-01
-6.772192955017089844e+00 8.870376348495483398e-01 7.372198104858398438e-01 -2.100397646427154541e-02 -3.608738183975219727e-01 -1.736587435007095337e-01 9.160630106925964355e-01
-6.990257263183593750e+00 8.984906077384948730e-01 7.420189976692199707e-01 -7.328890264034271240e-03 -3.585937917232513428e-01 -1.648973524570465088e-01 9.187848567962646484e-01
-7.204563617706298828e+00 9.092577695846557617e-01 7.453377842903137207e-01 6.700843572616577148e-03 -3.559259772300720215e-01 -1.554102450609207153e-01 9.214767813682556152e-01
-7.415098190307617188e+00 9.194582700729370117e-01 7.474426031112670898e-01 2.098201215267181396e-02 -3.528479933738708496e-01 -1.451840102672576904e-01 9.241102337837219238e-01
-7.621857166290283203e+00 9.292016625404357910e-01 7.485830783843994141e-01 3.541066870093345642e-02 -3.493390381336212158e-01 -1.342069059610366821e-01 9.266589879989624023e-01
-7.824838161468505859e+00 9.385921955108642578e-01 7.490005493164062500e-01 4.988261684775352478e-02 -3.453797996044158936e-01 -1.224686205387115479e-01 9.290995597839355469e-01
-8.024048805236816406e+00 9.478127956390380859e-01 7.473583817481994629e-01 6.429361552000045776e-02 -3.409520983695983887e-01 -1.099603325128555298e-01 9.314111471176147461e-01
-8.219447135925292969e+00 9.570718407630920410e-01 7.419334053993225098e-01 7.853927463293075562e-02 -3.360400795936584473e-01 -9.667494893074035645e-02 9.335751533508300781e-01
-8.410882949829101562e+00 9.665868878364562988e-01 7.309887409210205078e-01 9.251560270786285400e-02 -3.306287825107574463e-01 -8.260668814182281494e-02 9.355756044387817383e-01
-8.598065376281738281e+00 9.765481352806091309e-01 7.130973935127258301e-01 1.061191186308860779e-01 -3.247049450874328613e-01 -6.775125861167907715e-02 9.373981356620788574e-01
-8.780544281005859375e+00 9.871218800544738770e-01 6.869778037071228027e-01 1.192470267415046692e-01 -3.182564973831176758e-01 -5.210595205426216125e-02 9.390303492546081543e-01
-8.957726478576660156e+00 9.984313845634460449e-01 6.517149209976196289e-01 1.317977011203765869e-01 -3.112719357013702393e-01 -3.566927462816238403e-02 9.404609799385070801e-01
-9.128948211669921875e+00 1.010546803474426270e+00 6.068800091743469238e-01 1.436706632375717163e-01 -3.037415742874145508e-01 -1.844032853841781616e-02 9.416792392730712891e-01
-9.294522285461425781e+00 1.023067355155944824e+00 5.541903376579284668e-01 1.498824208974838257e-01 -2.956600189208984375e-01 -1.975696533918380737e-03 9.434598684310913086e-01
-9.454201698303222656e+00 1.036133646965026855e+00 4.959925711154937744e-01 1.561334580183029175e-01 -2.872486412525177002e-01 1.550158485770225525e-02 9.449181556701660156e-01
-9.608809471130371094e+00 1.049591660499572754e+00 4.350625574588775635e-01 1.623445004224777222e-01 -2.785271704196929932e-01 3.382773697376251221e-02 9.460034370422363281e-01
-9.759242057800292969e+00 1.063349604606628418e+00 3.737930357456207275e-01 1.684428304433822632e-01 -2.695181071758270264e-01 5.284016579389572144e-02 9.466757178306579590e-01
-9.906485557556152344e+00 1.077257633209228516e+00 3.145742714405059814e-01 1.743623614311218262e-01 -2.602480649948120117e-01 7.237891852855682373e-02 9.469054341316223145e-01
-1.005123138427734375e+01 1.091223716735839844e+00 2.591308653354644775e-01 1.800437420606613159e-01 -2.507483065128326416e-01 9.228633344173431396e-02 9.466745257377624512e-01
-1.019401073455810547e+01 1.105154395103454590e+00 2.090426534414291382e-01 1.854346543550491333e-01 -2.410549819469451904e-01 1.124082282185554504e-01 9.459761381149291992e-01
-1.033518505096435547e+01 1.118948936462402344e+00 1.658163368701934814e-01 1.904902011156082153e-01 -2.312093526124954224e-01 1.325943917036056519e-01 9.448145031929016113e-01
-1.047493648529052734e+01 1.132495999336242676e+00 1.309106349945068359e-01 1.951731741428375244e-01 -2.212577313184738159e-01 1.526993215084075928e-01 9.432048201560974121e-01
-1.061331558227539062e+01 1.145648121833801270e+00 1.062899753451347351e-01 1.994542777538299561e-01 -2.112507075071334839e-01 1.725824773311614990e-01 9.411728978157043457e-01
-1.074964618682861328e+01 1.158412098884582520e+00 9.248809516429901123e-02 2.033123373985290527e-01 -2.012433111667633057e-01 1.921090185642242432e-01 9.387540817260742188e-01
-1.088302612304687500e+01 1.170874953269958496e+00 8.643524348735809326e-02 2.067344784736633301e-01 -1.912933588027954102e-01 2.111498862504959106e-01 9.359933137893676758e-01
-1.101312446594238281e+01 1.183065414428710938e+00 8.681579679250717163e-02 2.097156941890716553e-01 -1.814619749784469604e-01 2.295818328857421875e-01 9.329431653022766113e-01
-1.113975238800048828e+01 1.194993615150451660e+00 9.237090498208999634e-02 2.122590392827987671e-01 -1.718116253614425659e-01 2.472878694534301758e-01 9.296641945838928223e-01
-1.126259994506835938e+01 1.206690669059753418e+00 1.038452088832855225e-01 2.143749594688415527e-01 -1.624066978693008423e-01 2.641566395759582520e-01 9.262228012084960938e-01
-1.138168907165527344e+01 1.218177437782287598e+00 1.184799149632453918e-01 2.160811424255371094e-01 -1.533122360706329346e-01 2.800827026367187500e-01 9.226905703544616699e-01
-1.149717235565185547e+01 1.229395151138305664e+00 1.348931789398193359e-01 2.174015641212463379e-01 -1.445939540863037109e-01 2.949656844139099121e-01 9.191432595252990723e-01
-1.160878658294677734e+01 1.240433335304260254e+00 1.542752087116241455e-01 2.183660268783569336e-01 -1.363178789615631104e-01 3.087102174758911133e-01 9.156591892242431641e-01
-1.171688652038574219e+01 1.251177072525024414e+00 1.741909682750701904e-01 2.190094143152236938e-01 -1.285503208637237549e-01 3.212255537509918213e-01 9.123178124427795410e-01
-1.182139778137207031e+01 1.261633872985839844e+00 1.950183063745498657e-01 2.193706184625625610e-01 -1.213579624891281128e-01 3.324248194694519043e-01 9.091988801956176758e-01
-1.192247867584228516e+01 1.271326303482055664e+00 2.169473171234130859e-01 2.159177064895629883e-01 -1.161397695541381836e-01 3.417917490005493164e-01 9.072317481040954590e-01
-1.202008628845214844e+01 1.280630469322204590e+00 2.389840632677078247e-01 2.119227498769760132e-01 -1.117393374443054199e-01 3.498093485832214355e-01 9.056691527366638184e-01
-1.211424732208251953e+01 1.289468646049499512e+00 2.609191834926605225e-01 2.074122726917266846e-01 -1.081248298287391663e-01 3.565252125263214111e-01 9.045323729515075684e-01
-1.220493507385253906e+01 1.297848463058471680e+00 2.827981412410736084e-01 2.024107277393341064e-01 -1.052626892924308777e-01 3.619843125343322754e-01 9.038346409797668457e-01
-1.229225349426269531e+01 1.305688738822937012e+00 3.041439652442932129e-01 1.969405412673950195e-01 -1.031189858913421631e-01 3.662288784980773926e-01 9.035802483558654785e-01
-1.237607192993164062e+01 1.313020586967468262e+00 3.254760801792144775e-01 1.910223215818405151e-01 -1.016582697629928589e-01 3.692986965179443359e-01 9.037668704986572266e-01
-1.245655250549316406e+01 1.319815993309020996e+00 3.460751175880432129e-01 1.846750676631927490e-01 -1.008441746234893799e-01 3.712308704853057861e-01 9.043856263160705566e-01
-1.254363250732421875e+01 1.326898813247680664e+00 3.689050078392028809e-01 1.779165714979171753e-01 -1.006401330232620239e-01 3.720604777336120605e-01 9.054216146469116211e-01
-1.263739013671875000e+01 1.334317922592163086e+00 3.936147987842559814e-01 1.707633584737777710e-01 -1.010082066059112549e-01 3.718208372592926025e-01 9.068552851676940918e-01
-1.273773860931396484e+01 1.341900348663330078e+00 4.205969274044036865e-01 1.632311940193176270e-01 -1.019106879830360413e-01 3.705434501171112061e-01 9.086623787879943848e-01
-1.284473323822021484e+01 1.349694132804870605e+00 4.496386647224426270e-01 1.553351283073425293e-01 -1.033088341355323792e-01 3.682585358619689941e-01 9.108150601387023926e-01
-1.295828437805175781e+01 1.357281208038330078e+00 4.811975061893463135e-01 1.470897346735000610e-01 -1.051638424396514893e-01 3.649949133396148682e-01 9.132819175720214844e-01
-1.307836723327636719e+01 1.363811612129211426e+00 5.155749320983886719e-01 1.385091543197631836e-01 -1.074359863996505737e-01 3.607810139656066895e-01 9.160293340682983398e-01
-1.310006523132324219e+01 1.347259163856506348e+00 5.303745865821838379e-01 1.296075880527496338e-01 -1.100857034325599670e-01 3.556445240974426270e-01 9.190212488174438477e-01
-1.296903514862060547e+01 1.322572946548461914e+00 5.039719939231872559e-01 1.203991696238517761e-01 -1.130726933479309082e-01 3.496129512786865234e-01 9.222197532653808594e-01
-1.283125972747802734e+01 1.299618482589721680e+00 4.760514795780181885e-01 1.108982935547828674e-01 -1.163565963506698608e-01 3.427137732505798340e-01 9.255862832069396973e-01
-1.268683052062988281e+01 1.277042508125305176e+00 4.473764002323150635e-01 1.011196523904800415e-01 -1.198968663811683655e-01 3.349749743938446045e-01 9.290809035301208496e-01
-1.253573703765869141e+01 1.254498243331909180e+00 4.183544814586639404e-01 9.107825160026550293e-02 -1.236522793769836426e-01 3.264247775077819824e-01 9.326637387275695801e-01
-1.237791728973388672e+01 1.231925964355468750e+00 3.893948197364807129e-01 8.078971505165100098e-02 -1.275818049907684326e-01 3.170922398567199707e-01 9.362950325012207031e-01
-1.221327972412109375e+01 1.209409475326538086e+00 3.610525429248809814e-01 7.027035206556320190e-02 -1.316447257995605469e-01 3.070072829723358154e-01 9.399352669715881348e-01
-1.204182910919189453e+01 1.186696767807006836e+00 3.335906863212585449e-01 5.953854322433471680e-02 -1.358074247837066650e-01 2.962032854557037354e-01 9.435439705848693848e-01
-1.186359310150146484e+01 1.163433194160461426e+00 3.072656095027923584e-01 4.861984029412269592e-02 -1.400669515132904053e-01 2.847251892089843750e-01 9.470738768577575684e-01
-1.167859554290771484e+01 1.139185786247253418e+00 2.823760807514190674e-01 3.754211589694023132e-02 -1.444284915924072266e-01 2.726221084594726562e-01 9.504778385162353516e-01
-1.148687458038330078e+01 1.113394141197204590e+00 2.593447864055633545e-01 2.633373066782951355e-02 -1.488970071077346802e-01 2.599442899227142334e-01 9.537112712860107422e-01
-1.128849506378173828e+01 1.085217237472534180e+00 2.388665676116943359e-01 1.502377167344093323e-02 -1.534780561923980713e-01 2.467440217733383179e-01 9.567319750785827637e-01
-1.108359146118164062e+01 1.053840279579162598e+00 2.213195711374282837e-01 3.641992807388305664e-03 -1.581769287586212158e-01 2.330749034881591797e-01 9.595013856887817383e-01
-1.087235736846923828e+01 1.018188714981079102e+00 2.073999047279357910e-01 -7.782112807035446167e-03 -1.629996001720428467e-01 2.189920842647552490e-01 9.619838595390319824e-01
-1.065490436553955078e+01 9.778530597686767578e-01 1.984341442584991455e-01 -1.921781152486801147e-02 -1.679523140192031860e-01 2.045521289110183716e-01 9.641478061676025391e-01
-1.043133354187011719e+01 9.328808188438415527e-01 1.982803344726562500e-01 -3.063514456152915955e-02 -1.730409860610961914e-01 1.898129582405090332e-01 9.659654498100280762e-01
-1.020174217224121094e+01 8.848580718040466309e-01 2.078939825296401978e-01 -4.200297594070434570e-02 -1.782730519771575928e-01 1.748336702585220337e-01 9.674128890037536621e-01
-9.966702461242675781e+00 8.349880576133728027e-01 2.322485297918319702e-01 -5.329068005084991455e-02 -1.836553364992141724e-01 1.596744060516357422e-01 9.684704542160034180e-01
-9.726799964904785156e+00 7.850112915039062500e-01 2.722265422344207764e-01 -6.446826457977294922e-02 -1.891956627368927002e-01 1.443961709737777710e-01 9.691225290298461914e-01
-9.483457565307617188e+00 7.373287677764892578e-01 3.323129117488861084e-01 -7.550476491451263428e-02 -1.949023157358169556e-01 1.290606856346130371e-01 9.693582653999328613e-01
-9.236104011535644531e+00 6.926534771919250488e-01 4.060278236865997314e-01 -8.637060225009918213e-02 -2.007840573787689209e-01 1.137301176786422729e-01 9.691704511642456055e-01
-8.983926773071289062e+00 6.526385545730590820e-01 4.897860586643218994e-01 -9.703609347343444824e-02 -2.068496495485305786e-01 9.846717864274978638e-02 9.685563445091247559e-01
-8.724916458129882812e+00 6.199789047241210938e-01 5.775027275085449219e-01 -1.074721068143844604e-01 -2.131095081567764282e-01 8.333438634872436523e-02 9.675171971321105957e-01
-8.455901145935058594e+00 5.993911623954772949e-01 6.593531370162963867e-01 -1.176507025957107544e-01 -2.195732742547988892e-01 6.839436292648315430e-02 9.660580754280090332e-01
-8.174310684204101562e+00 5.983547568321228027e-01 7.216210961341857910e-01 -1.275436282157897949e-01 -2.262524068355560303e-01 5.370943620800971985e-02 9.641876220703125000e-01
-7.881839275360107422e+00 6.171688437461853027e-01 7.542649507522583008e-01 -1.371239870786666870e-01 -2.331579029560089111e-01 3.934159129858016968e-02 9.619181752204895020e-01
-7.590208530426025391e+00 6.414364576339721680e-01 7.453809976577758789e-01 -1.463660746812820435e-01 -2.403021752834320068e-01 2.535193413496017456e-02 9.592648744583129883e-01
-7.305978298187255859e+00 6.138940453529357910e-01 6.971360445022583008e-01 -1.547448039054870605e-01 -2.476810663938522339e-01 1.192821562290191650e-02 9.563293457031250000e-01
-7.043663978576660156e+00 5.091973543167114258e-01 6.298226714134216309e-01 -1.563591361045837402e-01 -2.552727758884429932e-01 7.052794098854064941e-04 9.541420936584472656e-01
-6.777202129364013672e+00 4.504961967468261719e-01 5.372831821441650391e-01 -1.579527258872985840e-01 -2.631721198558807373e-01 -9.971570223569869995e-03 9.516784548759460449e-01
-6.510287761688232422e+00 4.359582364559173584e-01 4.335064589977264404e-01 -1.595187932252883911e-01 -2.712999284267425537e-01 -2.006981149315834045e-02 9.489716887474060059e-01
-6.246121883392333984e+00 4.419601261615753174e-01 3.263824284076690674e-01 -1.610477715730667114e-01 -2.795773744583129883e-01 -2.956156991422176361e-02 9.460581541061401367e-01
-5.984584808349609375e+00 4.569762945175170898e-01 2.183856219053268433e-01 -1.625279784202575684e-01 -2.879246473312377930e-01 -3.842314332723617554e-02 9.429780840873718262e-01
-5.725346565246582031e+00 4.768786430358886719e-01 1.102889999747276306e-01 -1.639458835124969482e-01 -2.962639629840850830e-01 -4.663521051406860352e-02 9.397736787796020508e-01
-5.465988636016845703e+00 4.997354149818420410e-01 8.073424920439720154e-03 -1.652868837118148804e-01 -3.045185506343841553e-01 -5.418216064572334290e-02 9.364896416664123535e-01
-5.201220512390136719e+00 5.243179202079772949e-01 -7.101867347955703735e-02 -1.665356308221817017e-01 -3.126134574413299561e-01 -6.105164438486099243e-02 9.331728219985961914e-01
-4.967856407165527344e+00 5.295968651771545410e-01 4.744964465498924255e-02 -1.676763296127319336e-01 -3.204760551452636719e-01 -6.723393499851226807e-02 9.298706054687500000e-01
-4.708643913269042969e+00 4.501589834690093994e-01 7.850249856710433960e-02 -1.686934232711791992e-01 -3.280371129512786865e-01 -7.272171229124069214e-02 9.266313314437866211e-01
-4.452283859252929688e+00 3.871136307716369629e-01 1.175741553306579590e-01 -1.695716381072998047e-01 -3.352291882038116455e-01 -7.750879228115081787e-02 9.235036969184875488e-01
-4.184980392456054688e+00 3.694290220737457275e-01 8.589415997266769409e-02 -1.702959388494491577e-01 -3.419892489910125732e-01 -8.158884197473526001e-02 9.205356836318969727e-01
-3.917097091674804688e+00 3.661651611328125000e-01 1.036517322063446045e-01 -1.708520501852035522e-01 -3.482569456100463867e-01 -8.495533466339111328e-02 9.177740216255187988e-01
-3.654764413833618164e+00 3.772689700126647949e-01 5.779296904802322388e-02 -1.712259203195571899e-01 -3.539763987064361572e-01 -8.759929984807968140e-02 9.152642488479614258e-01
-3.400321006774902344e+00 3.922656178474426270e-01 -1.613738946616649628e-02 -1.714041233062744141e-01 -3.590958118438720703e-01 -8.950923383235931396e-02 9.130492806434631348e-01
-3.147331476211547852e+00 4.020776152610778809e-01 -8.956725895404815674e-02 -1.713730841875076294e-01 -3.635675311088562012e-01 -9.066863358020782471e-02 9.111691117286682129e-01
-2.893022298812866211e+00 4.012786746025085449e-01 -1.515762358903884888e-01 -1.711192727088928223e-01 -3.673496544361114502e-01 -9.105546772480010986e-02 9.096600413322448730e-01
-2.636767625808715820e+00 3.820315599441528320e-01 -1.898455768823623657e-01 -1.706288903951644897e-01 -3.704045116901397705e-01 -9.064067900180816650e-02 9.085540771484375000e-01
-2.381944417953491211e+00 3.427017033100128174e-01 -2.041867077350616455e-01 -1.698878258466720581e-01 -3.727017343044281006e-01 -8.938766270875930786e-02 9.078773856163024902e-01
-2.128641366958618164e+00 2.902691662311553955e-01 -2.141635119915008545e-01 -1.582339704036712646e-01 -3.741313517093658447e-01 -8.268339186906814575e-02 9.100281000137329102e-01
-1.877971172332763672e+00 2.385247796773910522e-01 -2.409567236900329590e-01 -1.450242549180984497e-01 -3.756661713123321533e-01 -7.474996894598007202e-02 9.122802019119262695e-01
-1.632172822952270508e+00 1.953430175781250000e-01 -2.977899014949798584e-01 -1.304176896810531616e-01 -3.772264420986175537e-01 -6.568089127540588379e-02 9.145367741584777832e-01
-1.395266056060791016e+00 1.622488349676132202e-01 -3.847598135471343994e-01 -1.145848035812377930e-01 -3.784914314746856689e-01 -5.554366856813430786e-02 9.168040156364440918e-01
-1.165659189224243164e+00 1.395486444234848022e-01 -5.032256841659545898e-01 -9.773307293653488159e-02 -3.781433999538421631e-01 -4.432179778814315796e-02 9.195060133934020996e-01
-9.460265636444091797e-01 1.270056068897247314e-01 -6.493853330612182617e-01 -7.998564839363098145e-02 -3.770927786827087402e-01 -3.227197378873825073e-02 9.221505522727966309e-01
-7.326208353042602539e-01 1.198730468750000000e-01 -8.125466704368591309e-01 -6.150627508759498596e-02 -3.753556311130523682e-01 -1.953657530248165131e-02 9.246314764022827148e-01
-5.332080125808715820e-01 1.148251295089721680e-01 -9.991241097450256348e-01 -4.246237874031066895e-02 -3.729538619518280029e-01 -6.260073743760585785e-03 9.268566370010375977e-01
-3.439575135707855225e-01 1.030801385641098022e-01 -1.201221585273742676e+00 -2.302412316203117371e-02 -3.699171245098114014e-01 7.411361671984195709e-03 9.287497997283935547e-01
-1.657434105873107910e-01 5.189147964119911194e-02 -1.411379933357238770e+00 -3.364034928381443024e-03 -3.662827312946319580e-01 2.133041433990001678e-02 9.302530288696289062e-01
9.578491002321243286e-02 3.316680714488029480e-02 -1.521080851554870605e+00 1.634362153708934784e-02 -3.620954751968383789e-01 3.534920886158943176e-02 9.313271641731262207e-01
3.716662526130676270e-01 3.513885289430618286e-02 -1.612482905387878418e+00 3.592398017644882202e-02 -3.574084937572479248e-01 4.932008683681488037e-02 9.319528341293334961e-01
6.517333984375000000e-01 5.464721471071243286e-02 -1.714167475700378418e+00 5.520276725292205811e-02 -3.522827029228210449e-01 6.309653818607330322e-02 9.321310520172119141e-01
9.132568240165710449e-01 1.030151322484016418e-01 -1.839943528175354004e+00 7.400703430175781250e-02 -3.467860817909240723e-01 7.653374224901199341e-02 9.318825006484985352e-01
1.136196255683898926e+00 1.999887079000473022e-01 -1.998460292816162109e+00 9.216612577438354492e-02 -3.409933149814605713e-01 8.948934078216552734e-02 9.312468767166137695e-01
1.336840748786926270e+00 3.372006118297576904e-01 -2.150101184844970703e+00 1.095124259591102600e-01 -3.349847793579101562e-01 1.018238961696624756e-01 9.302817583084106445e-01
1.549355387687683105e+00 4.841735661029815674e-01 -2.263914108276367188e+00 1.258818954229354858e-01 -3.288460969924926758e-01 1.134012639522552490e-01 9.290608763694763184e-01
1.777431607246398926e+00 6.111636161804199219e-01 -2.360262393951416016e+00 1.411144137382507324e-01 -3.226662278175354004e-01 1.240887790918350220e-01 9.276719689369201660e-01
2.018636465072631836e+00 6.868893504142761230e-01 -2.464008092880249023e+00 1.550538092851638794e-01 -3.165374398231506348e-01 1.337570697069168091e-01 9.262135028839111328e-01
2.255349159240722656e+00 6.782824397087097168e-01 -2.589564085006713867e+00 1.675475090742111206e-01 -3.105522692203521729e-01 1.422796845436096191e-01 9.247927069664001465e-01
2.466009378433227539e+00 6.128377914428710938e-01 -2.735884428024291992e+00 1.784855127334594727e-01 -3.047949373722076416e-01 1.495656073093414307e-01 9.235112667083740234e-01
2.652479171752929688e+00 5.399151444435119629e-01 -2.902679920196533203e+00 1.879162192344665527e-01 -2.993097007274627686e-01 1.556560844182968140e-01 9.224274754524230957e-01
2.817595243453979492e+00 4.929330348968505859e-01 -3.093139648437500000e+00 1.959265470504760742e-01 -2.941256165504455566e-01 1.606242656707763672e-01 9.215762019157409668e-01
2.966318368911743164e+00 4.765588343143463135e-01 -3.295907020568847656e+00 1.999995261430740356e-01 -2.897311151027679443e-01 1.637240350246429443e-01 9.215478897094726562e-01
3.106562376022338867e+00 4.814923107624053955e-01 -3.499668598175048828e+00 2.003763765096664429e-01 -2.861356735229492188e-01 1.651092618703842163e-01 9.223419427871704102e-01
3.247159242630004883e+00 5.017623901367187500e-01 -3.697486400604248047e+00 2.005639076232910156e-01 -2.827378809452056885e-01 1.659241914749145508e-01 9.232022762298583984e-01
3.396634340286254883e+00 5.326898097991943359e-01 -3.882196664810180664e+00 2.005798220634460449e-01 -2.795495092868804932e-01 1.662013232707977295e-01 9.241195321083068848e-01
3.554684877395629883e+00 5.691460967063903809e-01 -4.053294181823730469e+00 2.004412561655044556e-01 -2.765847444534301758e-01 1.659745424985885620e-01 9.250819087028503418e-01
3.715168476104736328e+00 6.033849716186523438e-01 -4.217123508453369141e+00 2.001650035381317139e-01 -2.738609910011291504e-01 1.652790606021881104e-01 9.260760545730590820e-01
3.871359825134277344e+00 6.267080307006835938e-01 -4.381510734558105469e+00 1.997672319412231445e-01 -2.713973522186279297e-01 1.641515493392944336e-01 9.270871877670288086e-01
4.020217418670654297e+00 6.430544853210449219e-01 -4.548272132873535156e+00 1.992634981870651245e-01 -2.692139744758605957e-01 1.626301109790802002e-01 9.280998110771179199e-01
4.162875652313232422e+00 6.680660843849182129e-01 -4.714134216308593750e+00 1.986687332391738892e-01 -2.673330605030059814e-01 1.607545018196105957e-01 9.290972352027893066e-01
4.299782752990722656e+00 7.163177132606506348e-01 -4.874311447143554688e+00 1.979970932006835938e-01 -2.657767534255981445e-01 1.585659682750701904e-01 9.300627112388610840e-01
4.435060977935791016e+00 7.843014597892761230e-01 -5.023356437683105469e+00 1.972618252038955688e-01 -2.645678818225860596e-01 1.561072766780853271e-01 9.309790730476379395e-01
4.579096794128417969e+00 8.443536162376403809e-01 -5.161556243896484375e+00 1.964755952358245850e-01 -2.637293636798858643e-01 1.534228324890136719e-01 9.318291544914245605e-01
4.735918045043945312e+00 8.781512379646301270e-01 -5.288261413574218750e+00 1.956501007080078125e-01 -2.632838487625122070e-01 1.505583524703979492e-01 9.325957298278808594e-01
4.901086330413818359e+00 8.808450102806091309e-01 -5.402198791503906250e+00 1.947962790727615356e-01 -2.632531821727752686e-01 1.475609242916107178e-01 9.332620501518249512e-01
5.067897796630859375e+00 8.662222027778625488e-01 -5.505983829498291016e+00 1.939243227243423462e-01 -2.636587917804718018e-01 1.444786936044692993e-01 9.338110685348510742e-01
5.234216213226318359e+00 8.430166244506835938e-01 -5.601629734039306641e+00 1.930439025163650513e-01 -2.645208835601806641e-01 1.413607448339462280e-01 9.342268705368041992e-01
5.400043964385986328e+00 8.171539306640625000e-01 -5.689523220062255859e+00 1.921638697385787964e-01 -2.658581435680389404e-01 1.382567435503005981e-01 9.344931840896606445e-01
5.566140174865722656e+00 7.968551516532897949e-01 -5.768346309661865234e+00 1.880268454551696777e-01 -2.681452035903930664e-01 1.342742145061492920e-01 9.352617263793945312e-01
5.671203613281250000e+00 7.802776694297790527e-01 -5.774405479431152344e+00 1.838893890380859375e-01 -2.708359062671661377e-01 1.303441226482391357e-01 9.358648061752319336e-01
5.527343750000000000e+00 7.446365356445312500e-01 -5.672466278076171875e+00 1.797863543033599854e-01 -2.738595902919769287e-01 1.264791786670684814e-01 9.363123178482055664e-01
5.381911277770996094e+00 7.081762552261352539e-01 -5.579967021942138672e+00 1.757526993751525879e-01 -2.771458327770233154e-01 1.226921975612640381e-01 9.366151094436645508e-01
5.238764762878417969e+00 6.736816167831420898e-01 -5.490436077117919922e+00 1.718238145112991333e-01 -2.806248068809509277e-01 1.189963519573211670e-01 9.367851018905639648e-01
5.098635196685791016e+00 6.415676474571228027e-01 -5.402608394622802734e+00 1.680350750684738159e-01 -2.842262685298919678e-01 1.154046878218650818e-01 9.368358850479125977e-01
4.961745262145996094e+00 6.115591526031494141e-01 -5.316266536712646484e+00 1.644222885370254517e-01 -2.878818511962890625e-01 1.119307577610015869e-01 9.367821216583251953e-01
4.828127384185791016e+00 5.832513570785522461e-01 -5.231531143188476562e+00 1.610214412212371826e-01 -2.915220260620117188e-01 1.085879653692245483e-01 9.366405606269836426e-01
4.697983264923095703e+00 5.575442314147949219e-01 -5.147841453552246094e+00 1.578687578439712524e-01 -2.950790226459503174e-01 1.053901463747024536e-01 9.364287257194519043e-01
4.571091175079345703e+00 5.327395796775817871e-01 -5.066112995147705078e+00 1.550005972385406494e-01 -2.984850108623504639e-01 1.023510843515396118e-01 9.361655116081237793e-01
4.447771072387695312e+00 5.104662775993347168e-01 -4.985399246215820312e+00 1.524535119533538818e-01 -3.016720712184906006e-01 9.948468208312988281e-02 9.358710646629333496e-01
4.327661037445068359e+00 4.888003468513488770e-01 -4.906830787658691406e+00 1.502641588449478149e-01 -3.045735359191894531e-01 9.680499136447906494e-02 9.355663657188415527e-01
4.211120605468750000e+00 4.692736566066741943e-01 -4.829485416412353516e+00 1.484693586826324463e-01 -3.071225583553314209e-01 9.432609379291534424e-02 9.352728128433227539e-01
4.097873210906982422e+00 4.506808519363403320e-01 -4.754106521606445312e+00 1.471057236194610596e-01 -3.092520236968994141e-01 9.206192195415496826e-02 9.350121617317199707e-01
3.987885713577270508e+00 4.328207373619079590e-01 -4.680823326110839844e+00 1.462099850177764893e-01 -3.108954131603240967e-01 9.002651274204254150e-02 9.348057508468627930e-01
3.881533145904541016e+00 4.170941114425659180e-01 -4.608773231506347656e+00 1.458187699317932129e-01 -3.119855821132659912e-01 8.823373913764953613e-02 9.346746206283569336e-01
3.778391122817993164e+00 4.018810987472534180e-01 -4.538975238800048828e+00 1.459684520959854126e-01 -3.124554455280303955e-01 8.669732511043548584e-02 9.346381425857543945e-01
3.678461790084838867e+00 3.871838152408599854e-01 -4.471438884735107422e+00 1.466950178146362305e-01 -3.122364580631256104e-01 8.543066680431365967e-02 9.347141385078430176e-01
3.573354482650756836e+00 3.724102675914764404e-01 -4.399693489074707031e+00 1.480342745780944824e-01 -3.112604022026062012e-01 8.444707095623016357e-02 9.349178671836853027e-01
3.462864875793457031e+00 3.570791482925415039e-01 -4.324152946472167969e+00 1.500214636325836182e-01 -3.094570636749267578e-01 8.375930041074752808e-02 9.352616071701049805e-01
3.346925020217895508e+00 3.410378992557525635e-01 -4.244947433471679688e+00 1.526653915643692017e-01 -3.067846894264221191e-01 8.336899429559707642e-02 9.357489943504333496e-01
3.225716590881347656e+00 3.244094848632812500e-01 -4.161742687225341797e+00 1.558715552091598511e-01 -3.033196032047271729e-01 8.323476463556289673e-02 9.363617300987243652e-01
3.099174737930297852e+00 3.071548342704772949e-01 -4.074584960937500000e+00 1.595197021961212158e-01 -2.991668581962585449e-01 8.330437541007995605e-02 9.370768666267395020e-01
2.967138528823852539e+00 2.891744971275329590e-01 -3.983665704727172852e+00 1.634895503520965576e-01 -2.944321632385253906e-01 8.352569490671157837e-02 9.378722906112670898e-01
2.829816818237304688e+00 2.701241970062255859e-01 -3.888699293136596680e+00 1.676612347364425659e-01 -2.892221212387084961e-01 8.384677767753601074e-02 9.387278556823730469e-01
2.687084913253784180e+00 2.501495182514190674e-01 -3.789780855178833008e+00 1.719153374433517456e-01 -2.836444377899169922e-01 8.421598374843597412e-02 9.396268725395202637e-01
2.538835287094116211e+00 2.293264716863632202e-01 -3.686995267868041992e+00 1.761329174041748047e-01 -2.778079509735107422e-01 8.458194136619567871e-02 9.405561089515686035e-01
2.384930372238159180e+00 2.060226351022720337e-01 -3.579390764236450195e+00 1.767132878303527832e-01 -2.721352577209472656e-01 8.388809859752655029e-02 9.421664476394653320e-01
2.225467443466186523e+00 1.818383783102035522e-01 -3.467821598052978516e+00 1.768325418233871460e-01 -2.664387822151184082e-01 8.308213949203491211e-02 9.438421726226806641e-01
2.060801982879638672e+00 1.549862623214721680e-01 -3.352378368377685547e+00 1.769410818815231323e-01 -2.607807219028472900e-01 8.227321505546569824e-02 9.454714655876159668e-01
1.890770196914672852e+00 1.264346241950988770e-01 -3.233058452606201172e+00 1.770251989364624023e-01 -2.552644014358520508e-01 8.142910897731781006e-02 9.470329284667968750e-01
1.715602993965148926e+00 9.420654177665710449e-02 -3.110054254531860352e+00 1.770720183849334717e-01 -2.499941587448120117e-01 8.051460981369018555e-02 9.485070705413818359e-01
1.535170912742614746e+00 5.925536900758743286e-02 -2.983295202255249023e+00 1.770694702863693237e-01 -2.450758814811706543e-01 7.949230074882507324e-02 9.498764276504516602e-01
1.350040197372436523e+00 1.717163063585758209e-02 -2.853384256362915039e+00 1.770061552524566650e-01 -2.406156212091445923e-01 7.832340896129608154e-02 9.511247873306274414e-01
1.160214781761169434e+00 -3.139373660087585449e-02 -2.720412492752075195e+00 1.768712252378463745e-01 -2.367202490568161011e-01 7.696907222270965576e-02 9.522373080253601074e-01
9.666234850883483887e-01 -9.180144965648651123e-02 -2.585372924804687500e+00 1.766540706157684326e-01 -2.334985584020614624e-01 7.539188861846923828e-02 9.531986713409423828e-01
7.713964581489562988e-01 -1.712924093008041382e-01 -2.450178861618041992e+00 1.763438433408737183e-01 -2.310606390237808228e-01 7.355736941099166870e-02 9.539932012557983398e-01
5.788305401802062988e-01 -2.790924012660980225e-01 -2.318408250808715820e+00 1.759288161993026733e-01 -2.295179814100265503e-01 7.143572717905044556e-02 9.546032547950744629e-01
3.977343738079071045e-01 -4.269091784954071045e-01 -2.197001934051513672e+00 1.753958612680435181e-01 -2.289841175079345703e-01 6.900408118963241577e-02 9.550083279609680176e-01
2.406408637762069702e-01 -6.222338676452636719e-01 -2.095347881317138672e+00 1.747297644615173340e-01 -2.295745760202407837e-01 6.624875962734222412e-02 9.551838040351867676e-01
2.105224579572677612e-01 -6.643069386482238770e-01 -2.075359344482421875e+00 1.662659198045730591e-01 -2.318730503320693970e-01 6.132241338491439819e-02 9.564674496650695801e-01
